 L      =    6.00000000
 aa     =    1.00000000
 T_end  =  120.00000000
length_N      1
 pi     =    3.14159265
N(1) = 60
CFL(1) =   0.500000
dx(1) =   0.100000
dt(1) =   0.050000
N_step(1) = 2400
b2(1) =   0.000000
b3(1) =  -0.001250
b4(1) =  -0.000047
The first mode:
    A1 =     1.00000000
    k1 =     1.00000000
beta_1(1) =   0.038758
sigma_1(1) =  -0.004560
The second mode:
    A2 =     0.60000000
    k2 =     3.00000000
beta_2(1) =   1.046462
sigma_2(1) =  -0.369388
