&INPUT
 NITER=20000      ,
 NPROF=5000       ,
 IREAD=0          ,
 RE=  1000.00000    ,
 LEN=  1.00000000    ,
 DT=  4.99999989E-03,
 RERROR=  9.99999994E-09,
 /
