 L      =    2.00000000
 CFL    =    0.50000000
 dx     =    0.10000000
 dt     =    0.05000000
 aa     =    1.00000000
 T_end  =   10.00000000
 N_step =   200
 pi     =    3.14159265
 b2     =    0.02500000
 b3     =   -0.00000000
 b4     =   -0.00001042
The first mode:
    A1 =     1.00000000
beta_1 =     0.00000000
sigma_1 =   -0.02501042
    k1 =     1.00000000
The second mode:
    A2 =     0.60000000
beta_2 =     0.00000000
sigma_2 =   -0.22509375
    k2 =     3.00000000
