 L      =    2.00000000
 CFL    =    0.50000000
 dx     =    0.01250000
 dt     =    0.00625000
 aa     =    1.00000000
 T_end  =   10.00000000
 N_step =  1600
 pi     =    3.14159265
 b2     =    0.00000000
 b3     =   -0.00001953
 b4     =   -0.00000009
The first mode:
    A1 =     1.00000000
    k1 =     1.00000000
beta_1 =     0.00060559
sigma_1 =   -0.00000892
The second mode:
    A2 =     0.60000000
    k2 =     3.00000000
beta_2 =     0.01635097
sigma_2 =   -0.00072236
